/home/abanerjee/anaconda2/envs/condaEnvfeb092018/bin/python /home/abanerjee/Downloads/assign6/assign6.py
Pre-processing...
...done
Extracting features...
...done
forming 20 clusters, in 40 iterations...
...done
/home/abanerjee/anaconda2/envs/condaEnvfeb092018/lib/python2.7/site-packages/sklearn/discriminant_analysis.py:388: UserWarning: Variables are collinear.
  warnings.warn("Variables are collinear.")
cluster 0.0 has following docs: 
15     102602
17      82772
31     102586
34      20500
43      82798
50     102151
62      74720
68      52573
73      75365
87     176867
88      53301
107     82771
110    103134
123    102589
138     37929
148     53313
152     50421
161     75390
176     82766
179     75385
185     52552
189     74749
210     52737
224     58902
233     50431
247     50452
259     52732
274    102605
302     50425
307     52464
313    103126
323    101555
330     50443
337      9154
354     49960
362     58827
373     53314
407     82758
454     58836
463    176849
468     52564
493     58075
528     58835
532     52551
560     15171
562      9159
579     37261
583     75392
599      8514
Name: DocList, dtype: object
cluster 1.0 has following docs: 
4      176851
26      50426
28      82792
65      51135
117     58045
130     20497
156     51132
173    103121
187     53316
216     58074
221     60153
228     37931
265     74743
267     58906
268      9146
295     52735
297    102608
304    176859
367     74736
371     82796
390     74728
402     14984
428     75379
432     75373
451    103120
486     50434
490     72052
522    102599
533     58061
558     53317
563     66407
566     74737
Name: DocList, dtype: object
cluster 2.0 has following docs: 
2       20502
67     101666
77      66425
81       9162
95       9151
113      9156
122     37943
131     66410
183      9160
192     74727
198     20363
288     59850
309     51125
369     15172
398     58829
427     53325
459     51133
502    101554
512     51136
531     82781
573     37928
576     59871
577     58058
584     52739
Name: DocList, dtype: object
cluster 3.0 has following docs: 
3       9161
80     59870
116     9139
120    58904
252    20491
318    51060
389    14832
431    50440
474    20508
478    53295
507    66424
537    37925
546    74745
582    14831
593    52727
594    75404
Name: DocList, dtype: object
cluster 4.0 has following docs: 
8       53294
21      59873
25      66398
46     101551
59      50432
90      59905
128     66411
211     20488
440    102592
453     74748
461     37922
472     75395
517     75384
595     50420
Name: DocList, dtype: object
cluster 5.0 has following docs: 
5       51121
11      50444
27      52571
36      58903
38      58055
44     101560
57     176855
64     103131
72      74741
83      82774
134     53310
135     82775
141     58073
142     15170
143     58063
146     50446
164     52554
166    102603
184     52434
200     52446
218     50451
219     82767
245     50428
250     82794
258     14983
279     52572
281      9144
287     20493
290     58046
293     52733
296     74730
312    103128
320     60155
336     58070
338    101552
343     51144
387    103133
412    101567
414    101559
417    102595
429     58069
439     58071
443    101578
446    103138
465    176852
466     52563
481     53300
497    101563
523     53309
526     66412
527     20501
539      9138
551    101577
568     20364
591      9136
Name: DocList, dtype: object
cluster 6.0 has following docs: 
19     66409
327    52560
347    64830
348    52561
457    66408
464    14991
544    64831
580    58862
Name: DocList, dtype: object
cluster 7.0 has following docs: 
13      51120
22      20503
32      52575
40     103139
74      58064
78     101568
93     176857
105     66400
109     14996
115     53297
145     50435
149     20496
150    102584
158    103127
160     82757
178     52726
188     58909
193    102591
236    102607
244     75382
246    103117
256     74725
264     51130
275    102585
289     66406
303     53304
311     74729
317     52724
321     70337
325     20362
334     74742
346    176856
350    103136
363     52568
364     20361
376     58911
394     58832
413     58057
423     74731
434     53298
441    102587
471     50448
475     59497
487    103140
495     60163
499     60159
508     52559
511    101566
514     53320
516     57110
519     20504
520    176878
545     58072
549     52553
550     66418
556     74740
557    101580
587     52570
Name: DocList, dtype: object
cluster 8.0 has following docs: 
33      58831
56      66401
61      51119
89     103130
102     20499
108     51143
124    102616
140     14987
171     75386
174     50422
181     60151
194     58910
237     14998
324     15169
342     15001
351    176880
352     66419
360    101562
384    102606
404     75371
410     60103
411     20489
415     37915
416      9143
452     50439
476     75394
484     20509
492     52725
494     51147
500     14993
504     75372
506    176845
515    176869
541     14992
547     52722
Name: DocList, dtype: object
cluster 9.0 has following docs: 
18     75398
76      9157
112    66403
195    37926
243     9163
249    74735
280    82793
306    66322
335    75401
385    14147
395    15000
397    60158
405     9149
436    74738
442    53299
462    53293
485    14999
569    66423
Name: DocList, dtype: object
cluster 10.0 has following docs: 
54      14989
85      74724
86      82776
99     103141
114     58054
125     50436
139    103132
168     75369
169     74739
213     58056
215     52576
263     52717
266    176864
283     52557
315     82788
328    102593
355    102594
406    102600
437     50441
447    101579
450     37936
488     74150
529     74732
538     74744
553     75381
564     52577
596     20495
Name: DocList, dtype: object
cluster 11.0 has following docs: 
7       58066
14     102604
23      14990
37     176866
49       9148
98      37927
153     52742
162     75396
191     58905
202     52718
212     51148
214     60154
227    101571
229     74722
230    176861
232     58838
248     14982
261     14988
272     58060
277    102596
278     60157
300     58065
314     14997
319    101574
339     59904
357     52555
383     58051
396     82795
425     52550
430     20492
458     52566
473     75399
483     52730
510    176850
521     51134
525     52579
554     74734
Name: DocList, dtype: object
cluster 12.0 has following docs: 
1       20506
24     176853
51      58833
136     37930
147     58343
197     59872
222     59846
242     74746
294     66404
298     66421
326    124146
366     52729
374     75378
388     66415
392     53296
480     51122
496     82784
570     53324
571      9152
597     37935
Name: DocList, dtype: object
cluster 13.0 has following docs: 
29      58059
41       9158
58     176860
63       9140
71      53321
82      58826
137    101576
151     59908
154     74747
201     82759
208     66416
231    101565
270     14994
340      9145
345    101573
353    101556
356     37924
370     15168
372     82783
393     60161
400    102588
419     52743
433     59909
435     50427
444     75364
460     58837
467     53302
469     14986
518     37913
530     58860
578    101558
589     60160
Name: DocList, dtype: object
cluster 14.0 has following docs: 
0        9142
20     103137
42      51131
127     60156
133     15003
167     20498
205     37916
206     53311
220     52558
225     37923
273     53312
276    102590
341     66413
361     51142
379     58050
399     58840
409     66402
422     37933
438     50450
445     82797
456     52734
535     52723
540     82782
542     20507
548     58828
565     50449
575     66422
581      9150
Name: DocList, dtype: object
cluster 15.0 has following docs: 
9       58912
10      59874
52      50419
75      53319
79     176877
104     37914
119     82779
132     75400
170     52567
182     20510
199     59849
203     99971
223     52736
235     15002
251     58843
253     75389
257     53315
260     14995
282     37918
291     53323
301      9141
331    176868
333     14985
358      9147
378     50423
403     59913
418     50437
420     82778
424     37937
489     52556
503    176862
534    101564
536    176865
555     37942
567     20511
572     58841
585    100521
592     50433
Name: DocList, dtype: object
cluster 16.0 has following docs: 
6       58047
12     103135
39      82786
45     103142
47      20487
55      52721
60      52578
70      52719
84     103118
91      51123
103    103123
196    102601
217     58839
254      9164
284    103143
316     59906
322      9153
332    176876
349    103122
368     52738
382     52562
401      9137
505    176871
509    102597
559     51140
561    176847
574     66399
588     51145
598    101553
Name: DocList, dtype: object
cluster 17.0 has following docs: 
30      52740
35      66420
48     176870
53      58830
66     101570
69      37934
92      53322
100     51146
126     51126
129     52744
155     20490
157     37941
175     50418
186     20505
207     53303
209     60162
226    101557
234     37932
239     75370
240     37938
269     52728
271     52565
329     98657
381     53318
386     75393
391     51128
426     82763
477     51124
479     82787
501     58914
524     37921
543     75391
552     59848
590     52574
Name: DocList, dtype: object
cluster 18.0 has following docs: 
97     51149
299    20365
308    74733
586    37940
Name: DocList, dtype: object
cluster 19.0 has following docs: 
16      50447
94      52731
96      58048
101    176846
106     59907
111    101572
118     82785
121     53308
144     74721
159     52745
163     66417
165      9155
172    103125
177     58049
180     66414
190     82760
204     58062
238     75402
241    102598
255     75403
262     51141
285     37917
286    101725
292     37939
305    176858
310     75367
344     82777
359     52569
365    101569
375    103124
377    103129
380    176881
408    101561
421    103119
448     58067
449    101575
455     51139
470     58043
482     20494
491     58913
498     50445
513     51127
Name: DocList, dtype: object

Process finished with exit code 0

